0,592,484,638,513,354,566,431,295,505,584,332,512,766,473,847,288,778,322,754,407,537,242,651,288,421,246,591,678,327,443,228,315,392,359,409,545,721,449,754,545,858,303,474,553,515,223,782,674,650,743,498,1139,882,380,454,646,272,700,469,482,538,982,672,356,581,193,643,394,530,495,457,718,587,295,499,863,404,556,676,201,423,307,247,56,538,908,265,761,577,25,748,418,173,999,468,473,911,76,737,143,1190,649,237,10,618,353,1019,452,509,989,436,787,32,840,536,671,565,650,326,691,347,219,616,914,201,164,632,720,378,711,298,500,857,679,1026,518,692,460,157,1006,533,583,1008,193,363,313,559,73,444,394,228,188,879,631,811,972,711,128,586,622,350,368,486,153,589,268,171,492,464,729,378,447,237,450,713,647,108,648,655,639,1234,33,686,304,418,343,233,274,961,151,822,408,52,203,283,346,385,603,725,586,90,102,664,838,627,766,21,331,690,471,656,320,26,906,807,474,463,486,765,1391,300,24,500,81,600,188,1296,499,655,389,261,694,650,254,529,84,591,828,736,307,682,601,251,877,1187,681,598,561,471,203,429,472,114,497,801,277,746,491,389,413,623,641,114,306,817,81,629,958,696,1072,1035,613,62,608,599,208,671,681,738,681,107,671,409,952,328,518,1240,161,642,983,851,87,506,532,746,529,202,549,530
592,0,228,741,283,80,264,711,335,274,682,371,478,616,646,343,345,706,631,288,367,159,748,576,636,335,312,601,264,800,218,756,628,846,210,593,758,345,326,331,953,679,73,325,365,30,708,341,738,417,267,504,773,267,562,550,913,990,104,484,124,274,518,640,998,252,692,146,367,763,418,1306,315,794,814,1135,480,696,32,69,145,539,968,605,416,292,333,57,216,426,621,439,23,177,216,727,315,464,265,346,656,851,682,664,877,334,280,569,585,598,386,189,513,702,203,605,726,1044,195,457,816,535,557,668,110,479,852,467,1063,756,969,440,763,569,447,745,149,188,868,348,657,345,7,304,183,670,464,153,719,349,71,180,206,779,561,199,188,284,761,1031,752,545,415,54,755,291,748,249,95,290,545,715,1088,610,333,53,424,606,680,471,419,340,583,414,532,10,674,1132,456,841,290,36,154,847,190,613,375,187,310,393,252,65,542,621,211,696,434,302,51,531,719,488,658,674,611,1194,821,768,186,463,781,56,433,967,506,652,593,249,615,1015,165,464,474,1014,767,263,341,1190,1417,702,1226,967,317,808,569,639,309,573,447,817,691,456,878,753,106,288,320,240,699,1023,1,722,906,504,531,717,444,550,755,264,575,529,291,790,261,284,918,694,575,795,315,50,107,225,845,346,538,686,252,679,237,188,573,440,383,687,493,183,639,709
484,228,0,520,391,1211,831,637,703,651,673,911,588,717,1043,795,724,106,696,714,687,568,243,525,559,559,205,554,259,996,629,291,647,928,591,438,652,693,1243,667,373,215,47,227,584,106,1483,181,862,1062,633,129,779,753,774,182,520,589,237,601,823,259,1097,631,687,565,567,609,685,877,263,242,794,424,326,405,335,513,749,160,461,977,33,501,872,504,583,242,748,592,743,813,927,13,1390,87,600,715,945,603,261,692,754,178,134,472,326,790,122,349,178,326,203,524,450,62,747,829,606,383,574,345,169,142,214,332,803,656,922,278,304,320,513,386,532,957,165,550,210,797,1138,325,368,620,939,230,336,275,390,190,561,595,672,289,215,572,213,831,401,357,87,552,916,3,302,733,332,784,362,869,848,65,883,747,893,631,1191,556,85,560,616,397,165,330,868,412,689,585,982,543,509,989,587,477,172,470,465,237,716,69,541,407,448,817,888,728,706,869,860,122,796,446,395,820,942,71,496,455,757,417,846,139,118,1122,121,803,860,781,400,575,459,359,923,691,52,878,713,389,100,1031,479,529,676,408,297,308,930,616,259,522,763,170,545,820,200,646,39,127,765,518,291,830,266,274,556,520,456,565,286,217,740,777,95,113,350,381,703,666,873,766,653,799,1256,889,848,883,383,419,172,32,783,615,249,141,248,689,145,30,586,404
638,741,520,0,552,598,112,717,584,848,80,789,1088,142,800,733,179,250,629,405,817,294,147,1073,462,860,443,221,284,515,377,803,199,469,497,405,535,326,897,451,826,137,632,453,63,585,356,676,601,327,865,19,687,648,211,548,367,226,579,959,398,966,574,857,1160,240,161,401,732,210,149,456,594,48,365,596,167,467,158,179,226,587,454,514,857,686,831,689,236,810,218,119,288,363,393,206,121,965,505,94,637,888,658,732,907,806,584,803,851,886,551,498,401,477,724,853,608,179,658,439,813,312,207,148,233,532,774,441,610,413,317,274,465,409,254,382,244,465,450,311,552,807,73,773,343,453,486,351,585,936,565,36,141,1304,118,197,638,164,520,617,1012,732,387,269,199,571,916,619,454,482,774,287,230,128,612,829,946,327,530,252,476,678,139,212,757,620,52,1274,221,622,427,107,657,138,348,291,884,464,345,973,455,504,533,615,678,985,930,509,18,319,682,787,685,760,639,621,403,1204,545,378,328,888,295,289,683,185,379,555,528,877,70,780,444,232,907,738,16,160,445,356,468,266,549,329,693,742,389,494,409,426,422,782,112,125,466,237,228,258,627,838,227,286,95,655,512,313,439,433,666,832,210,249,1163,78,569,798,8,435,745,299,178,409,165,668,597,525,884,264,42,267,1159,582,307,607,522,828,284,416,4,915
513,283,391,552,0,829,327,531,267,598,586,245,269,327,884,441,741,497,204,343,322,472,1076,1083,651,554,1071,834,345,102,984,765,539,346,571,523,803,670,548,395,650,1007,451,412,908,93,151,814,636,1244,180,726,250,481,453,336,256,753,797,256,849,842,199,663,657,670,406,599,519,299,960,524,171,782,256,869,1064,334,940,744,725,524,425,178,406,857,349,447,626,614,768,1089,98,654,69,223,818,447,433,457,613,173,940,742,455,456,812,997,440,332,415,293,630,617,1176,341,602,22,840,62,334,706,220,1,229,571,805,383,438,875,646,224,274,445,835,642,990,264,68,734,668,608,344,576,956,290,693,388,643,493,612,866,443,720,305,245,96,323,490,84,813,245,477,659,1075,582,792,505,390,472,231,161,470,748,390,371,207,321,500,556,699,272,940,427,448,15,230,860,129,829,452,673,230,266,261,595,751,353,380,389,459,861,209,562,484,502,722,357,783,515,551,62,506,318,390,360,375,490,754,468,466,627,759,376,357,833,185,578,781,37,730,1072,492,74,1236,264,338,338,164,53,450,778,212,422,830,763,1039,401,1057,319,193,42,73,229,13,154,825,887,240,219,224,565,436,423,344,960,560,501,462,626,285,1067,48,652,246,436,225,240,790,584,777,535,572,315,770,759,169,778,536,324,528,491,676,39,804,586,526,789,409,14
354,80,1211,598,829,0,512,317,478,394,641,271,354,443,598,826,850,199,400,305,711,87,1181,486,121,468,589,685,96,960,358,18,643,522,402,330,904,688,320,767,687,276,12,801,119,536,325,283,255,347,338,72,514,554,295,98,82,218,408,346,735,380,379,114,329,682,386,766,785,367,182,451,148,878,332,56,594,59,547,340,504,66,375,629,641,275,310,196,478,549,153,678,560,254,593,519,152,254,256,520,280,296,1027,733,1119,580,656,243,394,753,527,1117,421,428,996,567,108,305,574,30,616,95,230,178,184,375,952,792,378,55,987,753,927,424,171,181,649,795,702,509,526,620,624,117,484,555,243,463,384,407,602,626,723,606,672,586,1056,374,1036,440,873,195,990,802,310,730,414,404,817,27,410,854,423,483,1232,522,191,433,747,352,22,147,974,224,136,521,556,508,724,531,425,273,504,1180,362,42,69,395,248,751,213,615,736,373,999,467,299,561,645,493,584,471,171,1047,494,557,722,377,429,778,708,526,327,705,853,180,544,111,559,386,963,497,699,1108,344,663,421,528,815,329,1015,815,637,591,234,990,432,131,509,529,658,857,236,1064,502,653,331,494,607,382,861,438,570,629,47,394,49,422,441,924,1140,66,62,714,809,583,1165,1022,194,87,755,165,415,356,427,41,393,427,243,957,806,499,284,784,537,409,676,187,399,61
566,264,831,112,327,512,0,114,684,749,810,459,300,789,387,524,265,4,647,393,656,336,349,882,488,219,915,525,718,76,623,518,936,317,687,40,341,261,588,424,426,953,484,812,1241,633,558,680,72,587,548,576,520,432,1051,0,244,934,671,801,862,31,698,338,804,222,497,1106,416,65,975,806,163,745,165,25,450,627,5,735,476,347,188,834,562,131,604,496,454,528,106,868,259,157,808,269,688,1295,536,763,1333,749,749,546,272,763,902,286,807,578,41,512,275,429,40,436,214,963,438,565,1145,704,309,349,261,695,570,869,985,315,462,418,759,686,538,489,899,559,315,96,1156,644,324,281,660,459,182,159,450,531,8,445,687,175,643,319,235,925,984,1228,813,333,611,726,650,622,217,1048,776,386,634,347,369,359,181,719,240,197,487,618,328,117,11,348,774,480,327,416,559,280,43,585,239,172,691,487,704,566,214,296,463,402,108,493,366,930,375,679,441,900,665,281,422,362,197,466,175,97,693,484,761,1092,331,513,520,421,1042,597,499,810,327,476,131,116,589,484,968,876,4,393,485,697,268,262,244,655,438,593,897,628,403,256,670,211,335,460,705,168,454,582,435,645,347,526,724,338,477,621,167,178,44,458,180,1180,320,933,363,929,1045,639,605,132,549,125,68,157,781,610,724,535,532,634,85,595,827,548,328,587,691,951
431,711,637,717,531,317,114,0,104,795,168,542,380,2,113,484,226,779,759,46,844,241,296,582,289,550,142,578,192,435,488,126,603,686,666,611,449,597,585,778,246,248,570,121,785,1033,43,272,528,261,226,372,437,523,578,731,609,753,494,382,341,311,556,560,518,716,485,680,526,93,218,268,1036,618,325,38,972,395,901,386,570,458,204,479,1121,79,404,757,639,499,507,146,553,406,322,171,218,657,763,641,1167,411,1098,591,246,417,523,71,90,633,1372,674,416,193,488,625,613,590,600,465,86,116,110,764,448,421,32,543,391,907,990,573,230,1144,1195,42,367,392,215,311,637,679,749,259,467,2,417,607,353,637,636,465,174,659,890,516,690,412,446,310,761,992,814,504,675,353,229,410,18,683,766,773,887,542,253,814,1043,268,445,367,370,1307,1,73,78,265,196,785,147,813,954,681,595,359,504,515,545,638,505,581,103,443,388,382,486,440,812,284,577,795,632,239,677,623,147,102,753,778,10,311,6,406,500,330,325,559,575,602,239,504,324,434,848,552,801,169,97,737,827,793,352,990,779,74,4,275,298,829,367,558,245,150,165,431,838,240,518,37,930,95,1038,226,583,387,196,910,618,656,917,170,480,15,84,629,310,575,428,618,91,436,183,640,575,1019,9,2,525,189,413,1003,306,775,415,545,289,304,268,524,669,26
295,335,703,584,267,478,684,104,0,94,439,558,114,195,640,1081,529,748,37,649,137,466,144,351,327,1033,478,687,646,551,416,716,649,666,264,315,425,260,326,167,463,614,330,460,879,170,364,597,103,838,445,903,35,240,368,155,681,893,620,485,396,389,948,81,46,465,436,657,907,919,1112,1035,433,757,379,654,268,593,314,561,763,712,684,1004,1018,368,475,586,653,656,316,501,92,154,373,460,563,365,141,461,1030,456,291,604,323,117,346,432,602,473,369,897,146,132,483,683,657,562,76,644,908,425,705,51,774,867,180,296,781,450,685,734,450,354,666,481,443,326,691,743,255,795,782,296,468,57,350,522,377,503,453,450,293,626,812,729,947,300,316,158,28,969,535,95,729,567,865,337,405,304,55,42,530,991,881,172,296,530,487,677,698,556,324,911,1097,584,595,507,183,5,463,586,314,974,976,401,533,565,98,120,401,486,617,59,676,280,684,692,297,744,636,712,395,328,709,149,511,695,178,60,807,340,460,869,289,120,917,470,97,338,737,654,428,896,728,267,745,388,525,702,478,538,457,567,49,786,712,337,817,423,669,229,582,485,281,8,801,287,168,626,149,845,169,691,45,377,526,680,128,654,572,628,709,366,734,301,970,133,408,639,403,928,533,499,400,374,1240,680,59,587,685,740,538,417,511,893,623,451,731,300
505,274,651,848,598,394,749,795,94,0,595,638,1060,875,610,680,266,929,528,821,294,441,84,722,244,751,712,181,654,701,256,553,392,573,55,481,734,23,978,197,263,790,194,587,237,562,641,596,30,366,612,1194,444,450,327,660,738,281,647,788,812,677,716,692,41,324,711,428,843,489,501,621,882,314,590,289,756,401,76,855,1426,685,193,842,752,401,603,485,475,24,400,566,637,1016,136,713,941,474,391,271,469,45,378,271,637,140,262,972,977,642,332,682,492,96,331,506,661,461,1051,627,316,527,504,470,208,701,32,476,147,771,627,584,66,146,723,639,304,759,312,672,11,498,359,947,624,528,223,363,240,770,680,1099,662,849,490,1176,76,828,389,162,843,166,129,641,687,280,691,511,306,757,141,284,572,288,823,643,638,823,871,821,535,339,460,476,400,173,1070,341,693,46,582,1238,900,552,335,827,555,318,516,737,114,701,100,297,608,526,702,555,496,366,689,834,54,642,407,36,359,536,496,766,561,547,609,212,738,178,99,745,577,138,96,503,279,610,605,491,112,397,674,823,137,191,44,1055,683,1004,203,885,744,1054,791,665,575,345,506,624,1154,102,999,637,700,455,684,699,148,28,542,445,825,144,530,411,124,162,335,21,23,82,668,320,432,257,336,570,780,615,768,976,181,136,376,200,269,312,758,220,475,1019,356,31
584,682,673,80,586,641,810,168,439,595,0,526,729,81,849,630,931,784,826,208,533,285,578,399,17,574,496,217,289,356,921,716,417,106,47,144,266,335,518,726,214,777,1066,1023,90,532,296,742,530,928,523,432,963,246,409,684,152,607,957,42,324,150,229,65,344,1017,776,315,323,334,177,203,983,246,527,422,608,638,580,130,393,320,769,340,633,575,586,334,592,615,970,707,506,343,434,912,767,790,549,122,58,534,616,551,595,547,771,681,687,654,161,590,543,942,333,630,560,824,288,502,494,796,88,716,95,356,619,386,802,323,550,861,716,831,611,828,680,111,780,96,531,303,707,673,263,502,685,720,809,1176,541,627,820,406,316,210,20,1088,416,93,218,441,233,727,547,715,434,102,845,375,323,282,527,728,528,317,237,856,475,175,104,384,809,630,372,247,334,309,415,403,228,417,816,210,472,914,378,426,607,661,625,522,837,309,728,266,283,365,63,504,855,1075,619,161,462,495,674,58,202,460,617,442,82,0,1220,323,321,107,903,578,723,264,293,363,556,646,651,826,447,494,257,337,979,815,462,602,170,914,1244,221,611,545,455,99,410,486,378,979,334,731,761,171,577,338,560,850,5,283,315,311,128,720,110,430,624,542,387,414,863,1026,120,281,535,95,733,126,575,527,497,549,266,414,717,188,539,637,254,87,665,1014
332,371,911,789,245,271,459,542,558,638,526,0,426,408,122,664,803,174,263,698,66,623,394,686,708,126,515,229,413,595,640,670,1055,302,693,598,1532,315,468,646,671,632,518,228,303,572,703,175,478,162,529,145,561,1292,126,793,105,427,807,565,563,659,856,1169,388,217,240,583,922,717,375,729,504,766,691,221,86,70,233,888,597,775,448,241,253,555,440,480,418,225,784,949,1032,510,554,927,304,823,329,287,583,673,303,190,490,115,410,157,164,824,580,760,306,272,653,1200,363,413,468,980,355,238,645,633,93,416,716,145,395,494,278,514,277,632,365,760,798,244,494,591,373,476,488,603,227,199,448,540,386,234,430,556,706,923,86,481,703,458,965,213,800,926,421,382,586,336,53,348,812,568,403,878,746,243,412,724,142,291,824,257,286,754,457,795,797,417,589,617,711,600,944,4,493,190,564,444,373,42,431,14,633,564,642,343,652,136,1063,679,173,993,343,162,415,957,457,755,882,1122,259,656,428,9,357,688,1032,832,87,817,101,89,773,883,694,548,620,390,548,489,414,985,886,672,539,456,443,434,416,464,530,435,372,947,170,540,244,897,847,551,832,374,210,10,440,300,321,779,807,618,702,898,298,98,810,726,514,642,807,589,627,496,581,305,829,31,448,791,339,242,298,306,891,349,651,925,642,405,173,689,108,710
512,478,588,1088,269,354,300,380,114,1060,729,426,0,113,309,34,605,369,581,532,209,581,319,874,575,1233,1045,616,1012,472,139,767,274,691,639,818,1007,245,145,102,841,494,442,408,624,2,544,425,1424,950,508,296,472,801,524,937,670,535,716,42,544,307,313,8,581,384,344,745,623,475,99,563,265,343,525,51,739,216,391,814,404,1030,94,270,999,302,226,378,626,825,326,438,758,314,481,232,645,1191,602,978,365,764,483,663,427,621,1035,651,115,451,271,406,653,580,838,504,116,406,2,433,316,199,488,310,853,708,668,1170,381,297,451,154,417,500,737,144,141,607,966,24,144,513,619,782,759,479,178,824,49,663,1018,312,726,269,111,615,486,432,82,214,801,113,769,575,166,806,1229,612,275,1120,182,287,745,760,566,318,473,584,125,598,120,1132,397,389,920,606,654,305,415,849,404,644,736,135,637,801,662,1045,203,635,346,627,610,566,364,486,759,970,577,926,149,277,207,114,5,636,626,406,917,652,542,1101,225,578,414,752,524,352,586,214,810,513,880,426,191,447,272,380,843,779,719,148,694,76,492,175,427,0,333,171,257,436,67,752,797,552,447,12,874,320,683,89,400,662,1060,627,539,321,355,526,617,808,566,14,103,737,630,78,157,452,407,165,60,143,448,107,795,529,536,917,333,201,118,57,500,424,631,22,638,1069
766,616,717,142,327,443,789,2,195,875,81,408,113,0,811,602,528,524,372,551,362,320,125,362,424,974,100,326,570,86,186,754,7,525,703,76,679,499,952,257,474,807,377,756,947,593,485,30,563,700,42,913,47,639,1169,383,206,773,592,1024,336,266,714,645,492,102,1191,312,585,410,235,632,240,526,423,428,719,846,358,625,134,280,891,1430,88,99,579,283,259,759,866,507,678,506,510,248,152,407,522,574,617,358,343,880,148,164,432,679,322,220,503,312,826,451,107,394,554,358,4,222,582,441,525,449,215,498,594,476,178,138,297,518,468,657,121,548,713,432,657,210,679,715,699,758,760,456,468,627,1049,203,438,535,677,7,303,67,89,322,715,704,787,704,811,682,169,1108,252,637,841,426,527,173,692,547,398,1082,756,520,112,118,757,977,521,506,13,473,52,619,1361,604,1019,735,836,702,180,449,192,381,544,167,951,144,386,398,237,22,517,392,705,1039,865,627,332,899,510,432,115,231,608,774,339,754,613,162,1152,376,880,946,632,637,394,155,415,227,611,538,731,361,619,1051,584,700,18,461,76,1077,644,960,533,30,378,583,742,556,664,601,339,543,332,338,655,207,443,443,315,476,206,529,8,498,323,456,435,481,545,681,393,736,638,24,761,503,731,798,807,590,627,443,1109,245,916,808,723,1231,150,68,1242,239,481,564
473,646,1043,800,884,598,387,113,640,610,849,122,309,811,0,302,640,332,776,552,569,620,743,595,913,772,282,650,178,827,634,153,824,227,553,376,609,421,714,581,532,658,420,258,629,327,795,488,729,556,295,507,615,513,302,696,1102,328,321,461,504,898,774,571,697,376,436,461,909,371,727,289,934,150,661,119,520,1066,1059,283,402,262,521,435,963,828,660,834,539,206,552,965,553,216,103,513,710,883,729,529,655,889,59,723,934,389,423,731,47,639,603,665,8,473,1050,643,765,471,1218,571,129,91,248,240,173,532,551,707,677,585,151,577,246,571,568,597,356,615,74,223,2,905,626,534,1203,406,1027,453,571,297,821,706,189,118,451,293,402,318,741,689,326,784,933,247,295,490,75,526,422,602,2,313,572,276,339,570,595,406,60,250,648,30,487,780,627,518,322,849,1182,352,235,88,183,120,364,163,191,178,133,441,502,1086,567,695,1179,984,879,9,170,628,120,90,329,775,256,532,404,658,538,225,1240,515,576,680,766,531,788,365,643,575,790,195,330,350,392,644,711,538,439,293,813,840,19,534,329,1408,553,305,361,645,568,801,997,463,556,351,157,192,1186,383,91,275,348,23,309,344,186,98,724,553,705,669,430,353,69,246,723,814,561,128,829,596,235,611,629,247,928,565,692,14,663,434,115,210,756,567,915,288,265,493
847,343,795,733,441,826,524,484,1081,680,630,664,34,602,302,0,507,109,380,716,693,660,332,1268,377,741,637,556,389,629,376,822,647,300,602,540,458,251,840,762,516,568,800,834,1105,73,598,207,700,72,1112,789,331,484,869,745,236,585,286,814,31,128,571,758,538,600,659,364,105,127,532,488,438,583,791,910,562,543,305,537,187,562,1,520,583,457,345,523,346,159,342,683,353,658,84,654,628,488,507,610,676,506,278,967,968,516,873,626,255,70,73,744,572,401,583,681,141,561,663,168,973,733,584,799,34,362,287,266,371,48,402,708,365,603,539,157,449,490,618,438,268,639,584,786,988,508,612,583,330,577,149,119,927,97,520,323,215,570,762,151,456,263,620,161,742,145,323,1008,706,895,449,68,920,360,462,836,556,25,353,308,1165,213,242,648,296,482,817,415,787,374,270,150,547,611,588,722,624,584,103,705,1038,248,499,352,544,473,589,512,409,825,283,343,346,411,547,345,528,543,538,672,671,178,590,78,463,630,538,530,1111,126,59,449,280,776,532,303,216,26,862,584,943,648,367,854,553,94,23,425,562,1026,846,54,775,647,273,323,903,811,221,480,401,690,869,685,420,512,280,539,257,542,513,817,356,680,1256,263,831,554,688,483,599,482,654,316,406,676,280,1177,98,103,523,419,207,761,1019,311,22,679,633,765
288,345,724,179,741,850,265,226,529,266,931,803,605,528,640,507,0,540,596,525,507,826,634,452,407,675,776,578,1045,346,614,547,334,454,603,425,597,434,515,156,300,816,245,276,678,1027,46,543,465,1147,544,492,983,455,382,772,779,740,743,528,992,9,1256,365,677,893,868,319,666,566,412,104,429,1104,502,236,791,379,201,862,824,433,197,550,70,519,199,266,719,1,647,323,642,563,445,266,261,1034,899,135,385,748,530,199,392,574,569,872,531,861,319,1159,822,624,913,491,327,199,188,639,267,172,441,735,233,797,478,439,240,536,663,267,601,254,425,440,933,118,49,640,954,112,514,587,276,639,306,507,127,85,621,125,195,241,1040,31,456,781,295,38,202,480,729,234,201,551,463,589,220,562,672,609,1,353,320,56,637,7,386,579,217,159,431,645,302,186,370,155,385,539,822,555,189,227,381,431,404,773,471,973,602,743,305,400,341,301,514,657,522,985,627,646,578,191,431,356,926,637,846,461,463,891,615,624,48,467,705,705,790,140,558,857,827,680,501,583,1008,160,169,775,464,802,397,382,771,709,707,823,148,793,413,264,704,618,732,422,1060,848,1038,389,809,944,495,605,639,193,715,693,603,231,461,140,688,906,401,343,704,631,724,64,433,465,174,275,201,786,19,622,346,403,118,862,613,286,428,413,874,79,478,713
778,706,106,250,497,199,4,779,748,929,784,174,369,524,332,109,540,0,800,535,809,109,156,444,602,1258,519,711,306,803,856,203,268,166,787,701,479,934,513,692,876,400,706,199,1457,342,428,486,532,482,636,546,47,958,607,459,470,560,377,915,734,468,727,984,757,163,563,5,309,370,690,390,205,485,363,256,35,999,760,450,479,559,356,700,349,679,351,677,290,687,740,228,561,572,673,149,575,323,83,136,284,541,441,669,780,456,220,109,673,84,393,171,717,213,1319,717,597,481,729,892,274,598,1013,291,631,559,114,413,895,199,506,752,520,171,331,782,1065,327,781,372,326,262,531,231,924,240,438,249,307,1116,132,611,521,557,472,456,143,769,620,223,897,436,581,128,1085,775,515,66,754,907,39,559,680,808,532,578,887,354,435,30,183,703,135,614,974,106,753,659,271,833,329,255,789,620,407,497,285,630,659,433,464,289,618,550,293,883,329,55,147,351,414,134,557,246,227,431,553,134,287,610,190,594,608,450,388,151,474,757,934,443,460,938,122,146,184,247,1027,682,1123,415,831,90,295,42,1014,47,427,547,340,770,232,525,569,354,615,893,1001,569,444,451,270,411,474,585,221,363,290,203,300,193,789,403,605,323,530,466,419,341,1127,925,452,945,74,101,788,980,109,290,543,464,963,711,389,482,470,645,817,613,628,92
322,631,696,629,204,400,647,759,37,528,826,263,581,372,776,380,596,800,0,364,1018,476,572,263,604,745,1226,584,65,395,164,506,305,536,220,905,831,386,164,838,720,767,11,320,48,967,1299,503,21,231,88,418,542,472,330,247,874,733,227,621,1024,450,285,951,172,520,264,218,295,640,721,423,167,718,977,454,311,560,618,1057,1073,387,335,200,1007,970,326,33,501,1242,621,669,159,164,158,337,515,199,18,924,246,460,521,1066,71,365,710,242,443,571,338,396,924,340,746,203,307,976,474,510,559,736,577,724,587,851,169,858,400,230,303,607,567,485,723,200,74,690,763,706,215,782,521,448,803,281,854,809,803,1191,323,606,873,1280,57,79,152,321,324,639,728,844,543,579,640,541,858,656,509,56,264,163,515,182,489,150,160,464,576,346,590,399,171,583,657,670,714,473,417,201,286,774,573,633,182,318,690,917,621,1074,555,764,374,162,308,213,926,319,268,6,28,179,923,481,559,278,893,284,13,500,1038,81,125,17,728,785,650,556,830,600,510,450,246,770,228,552,790,337,131,548,383,438,645,58,513,563,523,539,522,873,681,567,800,1243,691,610,272,533,272,274,254,242,618,382,85,387,347,912,388,257,757,457,266,827,509,622,251,694,929,45,290,873,598,27,541,388,970,66,583,598,105,168,300,70,518,175,919,508,12,767
754,288,714,405,343,305,393,46,649,821,208,698,532,551,552,716,525,535,364,0,426,404,315,761,439,612,495,498,95,220,498,165,379,344,586,347,197,127,40,346,71,435,585,221,730,494,518,562,613,606,651,299,887,959,524,254,335,435,937,257,655,461,501,439,472,459,344,349,551,420,820,487,724,124,575,456,684,214,698,328,494,302,59,660,195,421,497,355,233,479,385,649,730,837,442,770,137,143,559,316,601,80,715,750,575,453,407,523,618,680,1012,543,733,127,618,1260,854,94,352,59,629,392,475,300,691,313,625,963,375,313,277,1071,46,340,692,821,449,1032,103,486,171,446,479,550,392,156,533,328,626,789,342,204,542,316,644,707,245,451,50,665,199,107,323,594,637,358,860,441,130,513,808,1044,299,318,392,175,139,203,1061,7,660,648,491,54,571,360,119,418,311,216,515,496,537,177,458,274,878,471,112,52,560,398,129,360,98,180,384,246,244,166,831,896,981,641,444,491,512,210,648,688,814,7,438,360,1073,565,800,169,107,715,878,557,296,670,781,522,559,856,630,376,697,73,647,331,560,58,825,301,537,912,144,360,120,435,434,461,513,306,275,80,215,474,748,448,421,139,892,531,481,369,536,614,1040,223,397,282,651,530,573,254,707,1022,366,278,415,560,591,381,574,361,1384,562,474,906,448,174,438,1073,35,686
407,367,687,817,322,711,656,844,137,294,533,66,209,362,569,693,507,809,1018,426,0,158,803,1377,148,1201,580,75,255,637,343,439,267,28,910,634,433,462,324,950,959,505,145,824,405,317,839,34,385,350,52,99,974,255,198,280,514,780,217,418,243,386,1028,164,508,611,491,358,326,645,356,413,446,349,73,877,321,628,454,694,540,634,541,818,441,234,745,631,979,550,141,644,411,638,938,393,438,700,5,857,1033,330,675,93,1091,483,495,680,371,458,436,161,1004,315,178,612,437,153,605,176,964,1223,618,556,219,274,535,187,614,448,337,344,226,263,263,640,1083,504,94,469,1175,234,357,886,404,65,390,132,187,488,89,591,909,316,462,469,192,451,547,958,1029,871,467,431,843,233,530,537,768,740,789,520,581,8,528,554,598,439,761,655,400,785,58,939,504,483,78,578,800,957,221,696,188,628,128,408,712,632,772,628,720,398,452,178,472,516,1002,182,567,696,69,955,309,218,216,443,206,10,737,315,415,195,30,236,415,375,379,289,820,345,365,511,374,970,471,750,391,550,647,406,279,482,758,321,655,473,789,279,559,363,457,398,367,9,543,760,338,243,452,123,945,116,385,539,658,501,561,455,181,901,284,626,392,785,119,508,575,589,324,581,81,299,321,314,475,52,362,462,661,353,741,356,271,1106,1316,935,106,52,162,405
537,159,568,294,472,87,336,241,466,441,285,623,581,320,620,660,826,109,476,404,158,0,687,377,568,771,923,355,673,629,904,752,350,926,405,609,313,525,1132,1319,83,403,634,575,407,786,499,485,507,469,336,531,359,5,514,133,696,585,559,448,871,63,701,84,321,636,596,111,972,683,662,460,439,901,215,438,483,9,721,594,120,429,727,341,551,181,457,202,551,614,913,461,52,505,702,945,19,272,624,735,565,207,322,472,819,833,527,1452,567,978,763,551,652,431,500,713,570,959,662,40,283,424,561,441,806,374,1094,1104,821,337,545,286,653,69,581,171,154,830,78,625,117,189,181,728,290,148,596,349,274,424,682,386,72,718,401,476,273,217,1082,576,881,44,100,739,57,512,513,976,799,259,664,117,622,224,254,221,264,873,431,255,364,608,59,258,204,315,217,544,238,225,12,832,405,447,484,384,1255,945,67,775,347,560,678,213,520,333,112,201,248,563,674,536,681,651,737,710,472,548,847,576,71,45,527,893,202,112,480,1089,182,529,522,287,441,874,735,431,257,818,25,482,715,317,877,360,473,613,724,97,194,697,575,629,69,852,179,514,66,461,952,77,510,514,135,590,299,708,547,169,558,671,575,478,531,750,294,183,496,430,587,759,161,276,383,411,11,301,1003,726,827,577,720,647,413,591,451,322,514,543,708,1144
242,748,243,147,1076,1181,349,296,144,84,578,394,319,125,743,332,634,156,572,315,803,687,0,461,315,339,682,545,321,411,433,129,337,708,96,570,164,384,471,349,380,648,651,148,584,100,559,253,360,345,333,701,663,1207,131,25,887,515,534,673,319,700,479,280,219,483,1095,401,344,553,427,393,830,735,637,868,548,77,161,826,771,299,663,263,502,536,608,535,961,772,90,588,619,324,1090,609,780,154,848,85,651,410,779,357,514,573,109,243,749,1153,92,654,763,515,31,1130,138,26,237,629,473,194,233,246,1086,132,389,673,424,280,580,250,66,277,759,236,906,957,267,125,376,495,472,432,425,186,488,245,1145,763,272,304,426,994,603,29,892,90,227,213,581,661,126,588,998,387,455,281,720,193,306,612,406,640,612,1060,576,840,608,398,365,481,845,298,941,657,772,362,642,917,571,197,305,427,79,630,259,4,627,737,723,431,605,316,242,563,284,554,67,340,125,664,349,323,588,596,439,456,638,22,845,622,157,902,16,485,627,348,38,685,612,821,241,656,578,175,897,200,1025,392,523,127,295,717,344,135,673,102,230,770,1119,612,260,395,435,36,1059,588,247,370,35,758,322,39,578,635,11,594,334,1075,333,205,486,740,825,792,1332,86,571,284,189,528,351,774,370,299,780,508,490,563,488,354,323,328,36,458,724,366,213,32
651,576,525,1073,1083,486,882,582,351,722,399,686,874,362,595,1268,452,444,263,761,1377,377,461,0,272,470,539,550,786,719,703,438,541,447,666,792,432,51,519,156,111,231,94,311,374,716,521,958,1197,382,1201,37,493,582,347,307,305,583,350,260,464,798,219,886,154,569,1046,222,458,52,491,783,340,647,626,1009,677,696,379,513,413,729,478,288,226,395,366,470,494,330,373,452,186,601,793,623,7,720,602,739,458,36,521,504,141,393,319,274,691,884,742,165,1051,668,844,1033,299,436,669,659,282,275,7,321,159,179,489,775,118,270,185,596,227,330,682,749,464,309,404,528,409,467,822,632,443,248,222,330,772,462,752,21,244,303,678,771,6,711,67,980,799,412,447,453,530,111,148,1024,56,758,846,506,578,724,41,442,517,514,786,660,784,436,471,801,560,1007,721,383,537,229,566,546,1255,627,853,398,319,1043,329,215,943,128,905,571,816,292,526,558,394,651,728,396,1423,767,761,805,861,804,597,371,255,399,526,712,445,203,454,408,156,698,343,371,458,862,237,704,970,467,205,844,492,371,1134,246,602,64,712,256,876,1061,48,778,1024,216,610,548,600,805,787,889,728,777,293,430,214,557,248,676,394,676,554,169,10,687,117,435,241,735,673,317,194,928,327,888,336,53,451,115,371,479,160,147,433,723,1146,347,228,89,566,567
288,636,559,462,651,121,488,289,327,244,17,708,575,424,913,377,407,602,604,439,148,568,315,272,0,432,221,803,1017,615,493,901,345,841,100,662,486,285,20,479,345,564,394,399,653,727,353,903,577,65,546,263,526,833,522,1012,14,174,303,534,516,264,316,501,241,155,868,447,608,727,432,254,268,386,461,278,324,697,739,772,727,128,647,735,236,824,319,564,989,754,690,268,546,782,793,466,496,615,726,484,841,106,744,838,888,680,131,372,1113,412,816,816,594,485,790,683,359,151,567,358,357,959,156,785,4,87,516,481,161,382,513,523,268,765,195,848,729,301,502,445,26,514,762,613,58,442,388,387,318,803,1013,229,972,402,118,613,311,16,912,243,116,577,507,599,968,168,76,645,773,208,273,163,569,376,673,449,564,263,438,13,508,255,414,179,219,191,495,894,358,213,285,1037,583,526,267,355,573,1090,500,514,381,461,260,600,393,1040,894,500,533,741,799,904,312,935,432,579,418,717,509,158,539,155,360,936,360,716,1027,180,675,41,474,479,500,377,638,605,0,587,750,765,579,222,77,119,365,554,553,460,731,636,1127,466,186,108,705,360,969,394,290,392,994,508,637,365,780,92,257,466,653,627,880,141,131,523,465,1399,1080,589,644,369,762,808,747,855,877,774,529,489,787,655,300,257,310,437,687,672,1304,752,187,86
421,335,559,860,554,468,219,550,1033,751,574,126,1233,974,772,741,675,1258,745,612,1201,771,339,470,432,0,705,735,433,315,553,49,426,964,296,302,77,1078,732,1179,392,212,302,234,993,589,556,1127,555,870,536,1049,642,1096,830,613,713,245,576,1173,430,319,529,487,924,410,153,1139,157,426,639,919,1161,772,165,188,403,90,896,740,505,575,419,691,666,476,504,257,461,26,353,663,448,334,416,44,680,504,599,544,203,127,519,433,796,315,609,343,1270,519,998,787,642,1424,1103,717,475,843,1072,16,1061,797,723,513,730,397,833,115,105,64,483,332,159,1021,530,290,661,90,386,448,675,533,545,679,913,626,707,347,279,449,615,124,645,48,649,712,434,226,794,288,788,515,763,922,834,163,822,344,522,738,222,594,414,440,312,547,193,295,459,408,657,789,470,604,389,655,161,679,877,751,251,386,603,701,932,184,11,208,82,103,594,100,321,671,17,345,342,1100,749,328,525,24,168,501,795,469,593,518,406,938,249,103,844,694,656,278,617,223,711,510,262,60,444,417,537,8,389,754,610,266,211,823,483,135,497,656,93,500,643,293,1062,260,519,291,445,793,635,486,787,1079,797,716,39,514,421,579,510,9,215,10,376,392,701,814,800,235,773,1020,144,1275,722,199,320,78,712,825,856,241,747,351,263,371,1191,638,1124,77,718,821,652,93
246,312,205,443,1071,589,915,142,478,712,496,515,1045,100,282,637,776,519,1226,495,580,923,682,539,221,705,0,765,543,457,145,592,401,1089,276,60,549,147,912,818,533,354,610,1095,678,527,674,299,520,1204,326,494,94,534,575,960,750,698,428,440,654,301,838,1064,747,672,768,1048,160,574,195,684,213,415,231,504,615,945,611,1154,268,1060,986,423,1077,635,139,192,247,18,497,950,656,755,543,488,389,665,492,410,777,851,653,88,75,462,291,484,816,97,88,754,723,655,555,133,680,278,405,584,762,53,567,387,852,405,255,1,981,657,435,443,345,373,694,682,1052,316,447,723,415,289,1293,803,723,319,728,762,533,372,344,536,882,382,751,591,806,644,254,713,361,659,90,937,806,854,642,878,163,250,541,299,1371,331,1219,882,974,305,77,331,178,461,176,349,473,469,385,843,497,534,524,1283,785,996,679,772,438,882,32,48,700,356,916,502,552,424,393,407,762,496,839,246,598,136,884,337,391,252,645,611,453,367,1462,320,319,744,567,631,180,560,308,10,169,341,76,11,390,205,188,825,377,896,611,741,565,195,422,363,427,132,1026,299,639,573,10,647,752,640,870,802,630,336,693,517,720,386,378,727,253,285,725,300,834,396,488,567,370,531,610,612,768,57,586,275,106,460,769,613,713,812,1013,870,846,914,557,672,668,610,1183,487
591,601,554,221,834,685,525,578,687,181,217,229,616,326,650,556,578,711,584,498,75,355,545,550,803,735,765,0,540,687,322,300,165,619,899,323,1032,341,651,550,409,423,347,1069,498,755,430,500,577,475,170,794,424,4,435,277,579,279,594,748,639,412,411,260,392,57,571,461,310,277,259,250,482,1122,541,376,213,278,495,166,1173,304,76,413,414,509,26,461,740,131,352,602,387,610,819,710,44,236,664,408,665,1024,293,348,332,975,902,241,742,897,485,168,779,330,505,659,455,567,738,573,115,754,731,201,601,736,297,213,269,289,120,69,576,960,1080,391,532,502,905,450,298,234,811,1039,353,87,200,571,37,563,736,675,26,631,306,725,1234,525,566,155,379,699,545,450,2,924,465,667,444,336,776,45,263,463,475,222,362,839,657,440,659,706,393,286,627,282,786,596,1064,364,543,360,191,427,229,640,406,91,590,305,542,267,767,401,711,1067,811,708,463,127,181,996,728,234,165,378,492,150,397,787,527,240,758,55,751,62,137,602,1033,451,423,784,205,924,452,863,652,356,171,348,2,783,804,395,527,454,840,354,139,645,419,250,747,681,623,1116,781,143,149,640,558,440,621,860,368,452,579,540,963,194,277,486,658,515,408,478,647,926,273,821,111,290,181,1019,485,465,246,1033,555,150,662,975,519,619,815,164,872,698,323,376
678,264,259,284,345,96,718,192,646,654,289,413,1012,570,178,389,1045,306,65,95,255,673,321,786,1017,433,543,540,0,706,747,94,591,811,338,661,141,1030,362,491,124,337,1170,309,199,603,367,587,534,586,175,508,311,342,203,634,936,550,515,903,784,582,364,779,469,1093,783,584,605,430,987,440,94,176,178,759,178,1244,140,636,741,393,350,89,1054,305,1139,935,599,155,81,313,334,925,753,1061,824,1133,79,10,883,445,791,1249,662,423,276,967,428,468,432,586,1074,632,653,51,795,578,341,581,356,755,831,613,182,480,721,380,728,97,424,247,128,603,226,375,251,244,470,186,632,419,762,343,303,670,473,71,764,319,197,207,801,346,587,14,332,360,549,544,552,802,538,63,327,725,945,393,86,512,470,727,859,20,579,93,93,775,293,345,392,65,597,873,653,409,451,437,571,152,430,474,54,741,736,372,707,601,543,407,557,591,624,122,464,665,759,735,865,671,581,319,386,493,318,576,404,75,439,651,964,637,583,287,284,561,269,411,773,447,1220,265,399,424,300,491,940,643,295,474,311,320,643,901,1019,66,429,686,494,36,853,605,409,654,337,392,1148,309,761,454,50,510,99,466,583,280,355,681,891,484,554,109,618,513,155,599,894,852,463,621,140,112,64,323,1148,556,363,664,82,222,187,584,361,722,582,670,500,564,570,479
327,800,996,515,102,960,76,435,551,701,356,595,472,86,827,629,346,803,395,220,637,629,411,719,615,315,457,687,706,0,545,884,543,724,153,689,138,723,211,621,739,161,509,217,662,587,473,258,628,196,751,551,360,432,688,515,774,357,563,524,64,351,107,595,283,619,639,176,1058,375,231,335,134,63,230,1049,628,486,635,11,765,847,491,617,272,1213,1126,1020,84,233,271,522,428,219,20,367,307,183,368,360,452,390,752,525,427,174,569,179,919,1029,725,796,222,517,140,704,102,598,592,675,496,612,566,247,826,135,77,519,70,614,574,651,537,256,96,287,568,461,309,803,595,167,156,251,137,302,718,818,555,225,668,177,895,526,795,500,731,536,254,360,192,693,461,314,277,305,508,364,587,582,662,956,883,597,391,823,892,42,335,101,887,92,8,164,320,453,547,559,875,555,690,757,694,173,416,778,651,161,139,78,214,468,478,155,64,752,473,930,784,963,381,1176,530,1000,1032,294,349,298,644,788,111,478,261,368,609,345,408,171,515,710,541,714,1015,550,792,579,629,545,103,353,849,1038,762,297,1129,69,627,663,548,161,426,725,207,387,541,766,465,237,420,784,103,584,21,624,795,551,19,64,407,11,618,279,900,538,774,522,213,483,11,569,54,450,521,1230,330,176,723,136,340,504,324,442,474,449,519,225,223,279,64,660
443,218,629,377,984,358,623,488,416,256,921,640,139,186,634,376,614,856,164,498,343,904,433,703,493,553,145,322,747,545,0,974,375,262,397,260,377,270,918,614,588,912,789,468,398,352,476,731,416,118,596,330,326,690,672,328,938,104,162,487,587,587,174,656,606,851,647,377,299,280,453,590,152,12,231,997,130,718,1080,224,584,1125,639,341,545,756,584,780,254,170,478,141,355,549,752,1125,171,245,1077,480,256,661,658,1286,82,822,156,12,628,200,182,155,487,495,208,429,198,481,574,133,351,922,673,299,320,728,517,333,639,319,647,590,409,542,509,504,611,55,1312,366,424,601,858,656,506,864,293,645,1079,694,329,934,394,399,613,366,834,321,149,840,643,102,373,280,261,846,606,281,922,943,470,785,250,208,1,606,476,768,809,233,422,751,502,101,718,678,1104,723,103,428,890,55,84,398,142,87,376,190,429,648,67,63,239,551,577,641,517,334,325,1086,957,571,963,991,415,839,398,660,982,73,906,725,466,253,654,509,644,181,880,295,34,985,659,108,589,495,847,673,37,16,275,405,476,570,471,1061,807,446,468,238,868,1018,125,289,646,486,424,582,653,607,309,890,357,652,748,574,1031,907,4,397,411,333,250,225,96,108,645,213,220,268,335,1040,383,626,664,18,754,822,270,740,178,749,501,103,342,297,548,345,638,702
228,756,291,803,765,18,518,126,716,553,716,670,767,754,153,822,547,203,506,165,439,752,129,438,901,49,592,300,94,884,974,0,734,463,701,796,516,973,401,1108,294,389,863,710,688,663,418,775,1174,809,395,1194,495,712,451,1243,813,324,532,831,23,289,607,317,270,581,734,499,1069,634,838,88,740,564,458,897,463,687,8,705,964,1170,328,180,25,228,516,685,652,598,1148,1066,291,424,193,517,179,328,889,255,509,693,559,176,559,505,699,10,492,557,148,241,327,1092,794,768,353,1105,631,75,753,657,408,1000,258,677,459,376,428,196,653,187,1231,274,699,683,528,211,608,477,424,194,771,486,250,442,659,581,63,711,601,726,114,291,755,944,299,526,494,488,518,327,160,518,413,510,375,636,567,196,636,129,230,870,161,700,471,422,621,514,130,725,373,80,569,574,781,503,930,456,817,295,794,673,51,592,173,185,250,36,639,340,356,218,418,413,693,565,24,444,446,238,247,176,232,997,639,412,638,304,625,341,213,896,246,136,376,197,480,151,121,827,655,677,726,640,466,536,234,535,387,23,262,866,476,530,884,678,599,985,798,707,135,447,549,717,600,291,737,167,240,304,424,210,1330,101,359,241,299,206,877,489,748,696,130,282,572,838,711,590,631,1000,34,293,968,808,308,12,1049,546,703,165,259,742,566,524,627,784,214,14
315,628,647,199,539,643,936,603,649,392,417,1055,274,7,824,647,334,268,305,379,267,350,337,541,345,426,401,165,591,543,375,734,0,323,591,296,427,968,677,633,253,543,346,462,797,669,247,710,653,385,723,891,265,557,275,599,891,597,429,5,765,405,409,718,637,365,241,461,816,791,933,270,389,68,702,525,751,71,954,779,700,383,433,294,646,341,10,617,328,888,389,255,368,433,296,214,413,70,272,461,562,563,1123,509,376,381,943,522,483,253,231,725,336,1034,443,410,555,252,89,55,143,730,330,456,875,1018,251,325,370,219,246,455,581,319,867,1168,410,653,34,869,502,438,589,82,620,833,439,378,143,235,598,442,314,788,57,509,507,388,823,488,512,171,339,380,13,993,718,254,225,323,201,975,265,522,926,342,834,500,799,910,469,690,378,645,198,460,499,450,432,408,830,231,501,952,314,298,828,325,500,687,1035,1317,537,828,99,527,334,424,755,375,222,101,760,196,628,774,49,790,278,1234,479,921,101,647,590,259,507,110,674,230,1146,119,356,810,488,18,743,361,885,96,110,912,875,908,343,692,854,624,284,494,282,692,159,426,864,93,887,785,656,1059,516,218,586,242,424,562,67,176,707,441,197,464,588,830,362,749,757,890,478,618,727,686,742,146,582,572,360,485,484,590,218,616,585,801,1012,234,297,652,651,237
